2 1 0.1955
1 2 -0.1955
6 3 0
6 4 0.1956
8 4 0
6 5 0
3 6 0
4 6 -0.1956
5 6 0
10 7 0.1955
4 8 0
7 10 -0.1955
12 10 0
15 10 0.1956
12 11 0
16 11 0
10 12 0
11 12 0
17 12 0
14 13 0.1956
13 14 -0.1956
20 14 0.1955
10 15 -0.1956
11 16 0
18 16 0.1956
12 17 0
19 17 0.1956
16 18 -0.1956
17 19 -0.1956
14 20 -0.1955
27 20 0.1956
29 21 0.1956
26 23 0
33 23 0
23 26 0
20 27 -0.1956
28 27 0
27 28 0
21 29 -0.1956
30 29 0
31 29 0
42 29 0.1956
29 30 0
32 30 0
29 31 0
32 31 0
43 31 0.1956
30 32 0
31 32 0
23 33 0
34 33 0.1956
33 34 -0.1956
35 34 0
47 34 0.1956
34 35 0
37 35 0
49 35 0
35 37 0
54 40 0.1956
45 41 0
29 42 -0.1956
43 42 0
31 43 -0.1956
42 43 0
59 43 0.1955
45 44 0.1956
41 45 0
44 45 -0.1956
46 45 0
57 45 0.1955
45 46 0
58 46 0.1955
34 47 -0.1956
50 47 0
61 48 0
35 49 0
47 50 0
52 51 0
51 52 0
70 52 0
54 53 0
40 54 -0.1956
53 54 0
55 54 0
74 54 0.1956
54 55 0
56 55 0
55 56 0
45 57 -0.1955
58 57 0
46 58 -0.1955
57 58 0
62 58 0
63 58 0
43 59 -0.1955
60 59 0
59 60 0
63 60 0
48 61 0
65 61 0
58 62 0
64 62 0
58 63 0
60 63 0
64 63 0
77 63 0.1956
62 64 0
63 64 0
61 65 0
67 65 0.1956
78 65 0
65 67 -0.1956
84 68 0.1955
79 69 0.1956
85 69 0
52 70 0
72 70 0
72 71 0.1955
70 72 0
71 72 -0.1955
73 72 0.1956
72 73 -0.1956
54 74 -0.1956
97 75 0.1956
100 76 0.1956
63 77 -0.1956
102 77 0.1956
65 78 0
80 78 0
69 79 -0.1956
78 80 0
83 82 0
109 82 0.1956
82 83 0
111 83 0.1956
68 84 -0.1955
69 85 0
88 87 0.1955
114 87 -0.1956
115 87 0
87 88 -0.1955
116 88 0
90 89 0
121 89 0
89 90 0
91 90 0.1956
90 91 -0.1956
122 91 0
123 92 0.1955
129 93 0
130 94 0
75 97 -0.1956
135 97 0.1955
100 99 0
76 100 -0.1956
99 100 0
101 100 0
137 100 0.1955
100 101 0
102 101 0
77 102 -0.1956
101 102 0
103 102 0
102 103 0
118 108 0
82 109 -0.1956
110 109 0
111 109 0
109 110 0
83 111 -0.1956
109 111 0
156 113 0.1956
159 113 0
87 114 0.1956
87 115 0
116 115 0.1955
88 116 0
115 116 -0.1955
117 116 0
118 116 0.1956
149 116 0
116 117 0
119 117 0.1956
108 118 0
116 118 -0.1956
119 118 0
117 119 -0.1956
118 119 0
126 119 0
162 119 0
166 120 0
89 121 0
91 122 0
92 123 -0.1955
124 123 0
125 123 0
158 123 0.1956
123 124 0
159 124 0.1956
123 125 0
119 126 0
128 127 0
129 127 0.1956
127 128 0
93 129 0
127 129 -0.1956
94 130 0
131 130 0.1956
130 131 -0.1956
179 131 0
183 133 0
135 134 0
136 134 0
97 135 -0.1955
134 135 0
134 136 0
185 136 0.1956
186 136 0
100 137 -0.1955
138 137 0
137 138 0
144 142 0.1955
145 143 0.1955
142 144 -0.1955
143 145 -0.1955
147 146 0
193 146 0.1956
146 147 0
148 147 0
197 147 0
147 148 0
149 148 0
198 148 0
116 149 0
148 149 0
151 150 0
199 150 0.1955
150 151 0
152 151 0
151 152 0
165 152 0
200 152 0
201 152 0.1955
157 154 0.1956
157 155 0
208 155 0.1955
113 156 -0.1956
154 157 -0.1956
155 157 0
210 157 0.1955
123 158 -0.1956
159 158 0
113 159 0
124 159 -0.1956
158 159 0
216 160 0
163 161 0
119 162 0
165 162 0.1956
161 163 0
164 163 0.1955
163 164 -0.1955
152 165 0
162 165 -0.1956
203 165 0
120 166 0
215 169 0.1956
171 170 0.1956
219 170 0
170 171 -0.1956
174 172 0
175 173 0
176 173 0.1955
172 174 0
173 175 0
225 175 0
173 176 -0.1955
229 177 -0.1956
231 177 0
131 179 0
180 179 0
179 180 0
182 181 0.1956
181 182 -0.1956
241 182 0
133 183 0
184 183 0
183 184 0
136 185 -0.1956
136 186 0
247 188 -0.1955
199 189 -0.1956
146 193 -0.1956
195 194 0
194 195 0
197 195 0.1955
254 196 0
147 197 0
195 197 -0.1955
198 197 0
148 198 0
197 198 0
150 199 -0.1955
189 199 0.1956
152 200 0
202 200 0.1955
203 200 0
152 201 -0.1955
202 201 0
206 201 0.1956
200 202 -0.1955
201 202 0
204 202 0
165 203 0
200 203 0
204 203 0.1955
218 203 0
202 204 0
203 204 -0.1955
259 204 0
260 204 0.1956
201 206 -0.1956
155 208 -0.1955
210 208 0
265 208 0.1956
210 209 0
157 210 -0.1955
208 210 0
209 210 0
211 210 0
266 210 0.1956
210 211 0
267 212 0.1956
215 214 0
270 214 0.1955
169 215 -0.1956
214 215 0
160 216 0
218 217 0.1956
219 217 0
203 218 0
217 218 -0.1956
262 218 0
170 219 0
217 219 0
223 219 0
274 220 0
271 222 0.1955
219 223 0
224 223 0.1956
223 224 -0.1956
175 225 0
227 225 0
228 226 0.1956
225 227 0
226 228 -0.1956
279 228 0
177 229 0.1956
230 229 0
229 230 0
282 230 0
177 231 0
232 231 0
234 231 0.1955
231 232 0
234 233 0
231 234 -0.1955
233 234 0
236 235 0
235 236 0
240 238 0
240 239 0.1956
238 240 0
239 240 -0.1956
182 241 0
243 242 0
294 242 0
295 242 0.1956
242 243 0
244 243 0
296 243 0.1956
243 244 0
299 244 0.1956
188 247 0.1955
249 248 0
248 249 0
250 249 0
249 250 0
252 251 0
255 251 -0.1956
251 252 0
254 252 -0.1956
256 252 0
302 252 0
304 253 0
196 254 0
252 254 0.1956
255 254 0
251 255 0.1956
254 255 0
252 256 0
258 257 0
257 258 0
310 258 0
204 259 0
204 260 -0.1956
316 261 0
218 262 0
304 263 -0.1956
305 263 0
320 263 0
265 264 0
267 264 0
322 264 0.1956
208 265 -0.1956
264 265 0
266 265 0
210 266 -0.1956
265 266 0
323 266 0.1956
212 267 -0.1956
264 267 0
268 267 0
267 268 0
328 269 0
330 269 0.1956
214 270 -0.1955
332 270 0.1956
222 271 -0.1955
334 271 0.1956
277 273 0
220 274 0
275 274 0
274 275 0
336 276 0
273 277 0
228 279 0
280 279 0.1956
341 279 0
279 280 -0.1956
230 282 0
283 282 0.1956
282 283 -0.1956
284 283 0
283 284 0
352 286 0
290 289 0
289 290 0
357 290 0.1955
360 293 0
242 294 0
298 294 0.1956
242 295 -0.1956
296 295 0
298 295 0
243 296 -0.1956
295 296 0
299 296 0
298 297 0
294 298 -0.1956
295 298 0
297 298 0
244 299 -0.1956
296 299 0
252 302 0
253 304 0
263 304 0.1956
318 304 0
263 305 0
321 305 0.1956
307 306 0
306 307 0
258 310 0
312 310 0.1956
313 310 0
312 311 0
310 312 -0.1956
311 312 0
314 312 0
310 313 0
314 313 0.1956
312 314 0
313 314 -0.1956
370 315 0
261 316 0
304 318 0
319 318 0
320 318 0.1956
318 319 0
263 320 0
318 320 -0.1956
305 321 -0.1956
264 322 -0.1956
266 323 -0.1956
374 323 0.1955
330 324 0
376 324 0.1955
327 325 0.1956
325 327 -0.1956
328 327 0
269 328 0
327 328 0
329 328 0.1956
328 329 -0.1956
330 329 0
269 330 -0.1956
324 330 0
329 330 0
331 330 0
330 331 0
270 332 -0.1956
385 332 0.1956
334 333 0
386 333 0.1956
271 334 -0.1956
333 334 0
338 335 0
276 336 0
339 336 0.1955
335 338 0
339 338 0
336 339 -0.1955
338 339 0
342 340 0.1956
392 340 -0.1955
395 340 0
279 341 0
342 341 0
397 341 0
340 342 -0.1956
341 342 0
343 342 0.1956
398 342 0
342 343 -0.1956
400 344 0
405 345 0
404 346 -0.1956
407 348 0
350 349 0
349 350 0
351 350 0
352 350 0.1955
350 351 0
353 351 0.1955
286 352 0
350 352 -0.1955
353 352 0
351 353 -0.1955
352 353 0
354 353 0.1956
353 354 -0.1956
356 355 0
416 355 0
355 356 0
357 356 0
419 356 0.1956
290 357 -0.1955
356 357 0
359 357 0
360 357 0
359 358 0
420 358 0.1956
357 359 0
358 359 0
293 360 0
357 360 0
362 360 0.1956
360 362 -0.1956
363 362 0
362 363 0
365 364 0
366 364 0
432 364 0
364 365 0
364 366 0
433 366 0.1956
435 368 0
315 370 0
374 373 0
323 374 -0.1955
373 374 0
375 374 0
434 374 0.1956
374 375 0
440 375 0
324 376 -0.1955
383 377 0
442 378 0
444 380 0
377 383 0
332 385 -0.1956
333 386 -0.1956
440 386 0.1955
388 387 0
447 387 0
387 388 0
340 392 0.1955
394 393 0.1955
452 393 0
393 394 -0.1955
395 394 0
340 395 0
394 395 0
396 395 0
398 395 0.1956
395 396 0
399 396 0.1956
454 396 0
341 397 0
342 398 0
395 398 -0.1956
399 398 0
396 399 -0.1956
398 399 0
455 399 0
344 400 0
401 400 0.1956
400 401 -0.1956
402 401 0
458 401 0.1956
401 402 0
405 403 0.1956
346 404 0.1956
406 404 0
345 405 0
403 405 -0.1956
409 405 0
404 406 0
348 407 0
409 408 0
462 408 -0.1956
405 409 0
408 409 0
464 409 0
467 411 0
470 412 0.1956
472 414 0
479 415 0
481 415 0.1955
355 416 0
417 416 0.1956
416 417 -0.1956
356 419 -0.1956
358 420 -0.1956
422 420 0
424 420 0
423 421 0.1956
420 422 0
423 422 0
421 423 -0.1956
422 423 0
424 423 0
420 424 0
423 424 0
427 425 0
489 425 0.1955
491 426 0
492 426 0.1955
425 427 0
428 427 0
490 427 0.1955
427 428 0
429 428 0
494 428 0.1955
428 429 0
430 429 0
429 430 0
364 432 0
366 433 -0.1956
374 434 -0.1956
368 435 0
497 435 0
438 437 0
437 438 0
375 440 0
386 440 -0.1955
441 440 0
440 441 0
446 441 0
378 442 0
506 442 0
508 443 0
380 444 0
441 446 0
387 447 0
511 447 0
452 450 0.1956
393 452 0
450 452 -0.1956
515 453 0
396 454 0
455 454 0.1956
399 455 0
454 455 -0.1956
456 455 0
455 456 0
401 458 -0.1956
459 458 0
458 459 0
520 459 0
521 460 0.1955
463 461 0
408 462 0.1956
461 463 0
524 463 0
409 464 0
466 464 0
464 466 0
411 467 0
468 467 0.1956
527 467 0
467 468 -0.1956
525 469 -0.1956
530 469 0
531 469 0
412 470 -0.1956
533 470 0.1956
472 471 0
473 471 0.1955
534 471 0
414 472 0
471 472 0
474 472 0.1955
471 473 -0.1955
474 473 0
476 473 0.1956
535 473 0
472 474 -0.1955
473 474 0
477 474 0.1956
473 476 -0.1956
477 476 0
478 476 0.1956
537 476 0
474 477 -0.1956
476 477 0
479 477 0.1956
476 478 -0.1956
479 478 0
480 478 0.1955
415 479 0
477 479 -0.1956
478 479 0
478 480 -0.1955
540 480 0
415 481 -0.1955
545 482 0
485 484 0
484 485 0
551 485 0
555 486 -0.1956
488 487 0.1956
558 487 -0.1956
487 488 -0.1956
491 488 0
425 489 -0.1955
490 489 0
427 490 -0.1955
489 490 0
494 490 0
426 491 0
488 491 0
426 492 -0.1955
495 493 0
565 493 0.1956
428 494 -0.1955
490 494 0
493 495 0
435 497 0
498 497 0.1956
497 498 -0.1956
502 499 0.1956
501 500 0
569 500 0
570 500 0.1955
500 501 0
499 502 -0.1956
504 503 0
503 504 0
506 505 0
442 506 0
505 506 0
507 506 0.1956
506 507 -0.1956
510 507 0.1956
574 507 0
443 508 0
578 509 0
579 509 0
507 510 -0.1956
576 510 0
583 510 0.1955
447 511 0
512 511 0
511 512 0
587 514 0
453 515 0
516 515 0
515 516 0
592 517 0.1955
583 519 0
596 519 0.1956
459 520 0
460 521 -0.1955
522 521 0
523 521 0
521 522 0
521 523 0
463 524 0
469 525 0.1956
529 525 0
528 526 0.1956
601 526 -0.1955
467 527 0
528 527 0
526 528 -0.1956
527 528 0
603 528 0
525 529 0
531 529 0.1956
469 530 0
469 531 0
529 531 -0.1956
533 532 0
607 532 0.1955
470 533 -0.1956
532 533 0
471 534 0
535 534 0.1955
604 534 0
473 535 0
534 535 -0.1955
609 535 0
476 537 0
617 539 -0.1956
480 540 0
542 540 0.1956
621 540 0
540 542 -0.1956
545 543 0.1956
482 545 0
543 545 -0.1956
546 545 0
545 546 0
549 548 0
548 549 0
485 551 0
552 551 0
551 552 0
553 552 0.1955
552 553 -0.1955
633 553 0.1956
555 554 0
486 555 0.1956
554 555 0
556 555 0
555 556 0
558 556 0
637 557 0
639 557 0.1955
487 558 0.1956
556 558 0
636 558 -0.1955
639 559 0
562 561 0.1956
561 562 -0.1956
563 562 0.1955
562 563 -0.1955
493 565 -0.1956
644 565 0.1956
568 567 0.1956
567 568 -0.1956
500 569 0
500 570 -0.1955
645 570 0.1956
574 573 0
575 573 0.1956
650 573 0
507 574 0
573 574 0
576 574 0.1956
651 574 0
573 575 -0.1956
576 575 0
579 575 0
510 576 0
574 576 -0.1956
575 576 0
509 578 0
509 579 0
575 579 0
581 579 0.1955
582 580 0
579 581 -0.1955
580 582 0
583 582 0
510 583 -0.1955
519 583 0
582 583 0
587 586 0.1955
514 587 0
586 587 -0.1955
589 588 0.1956
588 589 -0.1956
517 592 -0.1955
593 592 0
592 593 0
657 595 0
519 596 -0.1956
654 597 0
662 597 0
658 598 0
665 598 0.1956
667 600 -0.1956
526 601 0.1955
528 603 0
534 604 0
609 604 0.1955
606 605 0.1955
605 606 -0.1955
630 606 0.1956
672 606 0
674 606 0
532 607 -0.1955
632 607 0.1956
535 609 0
604 609 -0.1955
610 609 0.1956
609 610 -0.1956
615 613 0.1956
615 614 0
613 615 -0.1956
614 615 0
617 616 0
539 617 0.1956
616 617 0
620 619 0.1955
619 620 -0.1955
621 620 0
540 621 0
620 621 0
622 621 0
621 622 0
684 624 0
635 626 0.1956
630 629 0
672 629 -0.1956
606 630 -0.1956
629 630 0
631 630 0
675 630 0
630 631 0
632 631 0
676 631 0
607 632 -0.1956
631 632 0
553 633 -0.1956
689 634 0
626 635 -0.1956
558 636 0.1955
641 636 0
557 637 0
638 637 0
637 638 0
557 639 -0.1955
559 639 0
636 641 0
693 641 -0.1956
644 643 0
694 643 0.1955
565 644 -0.1956
643 644 0
570 645 -0.1956
648 647 0
696 647 0
647 648 0
649 648 0
650 648 0.1956
648 649 0
651 649 0.1956
573 650 0
648 650 -0.1956
651 650 0
574 651 0
649 651 -0.1956
650 651 0
653 652 0
698 652 0
652 653 0
662 653 0.1956
699 653 0
597 654 0
664 654 0.1956
701 655 0.1955
595 657 0
658 657 0
659 657 0.1956
598 658 0
657 658 0
657 659 -0.1956
703 659 0.1955
661 660 0
705 660 0.1955
660 661 0
663 661 0
597 662 0
653 662 -0.1956
661 663 0
664 663 0
706 663 0.1955
654 664 -0.1956
663 664 0
700 664 0
598 665 -0.1956
600 667 0.1956
668 667 0
708 667 -0.1955
667 668 0
709 668 -0.1955
710 669 -0.1955
713 671 0
606 672 0
629 672 0.1956
673 672 0
672 673 0
606 674 0
675 674 0.1956
630 675 0
674 675 -0.1956
676 675 0
716 675 0
631 676 0
675 676 0
680 679 0.1955
679 680 -0.1955
719 680 0
721 681 0.1956
723 683 0
624 684 0
690 684 0
727 686 0
689 687 0.1955
729 688 -0.1956
634 689 0
687 689 -0.1955
684 690 0
692 690 0
724 690 -0.1956
725 690 0
693 691 0
732 691 -0.1956
690 692 0
641 693 0.1956
691 693 0
643 694 -0.1955
734 695 0
647 696 0
699 697 0.1955
652 698 0
699 698 0
653 699 0
697 699 -0.1955
698 699 0
664 700 0
655 701 -0.1955
659 703 -0.1955
705 704 0
739 704 0.1956
660 705 -0.1955
704 705 0
663 706 -0.1955
740 706 0.1956
667 708 0.1955
709 708 0
668 709 0.1955
708 709 0
669 710 0.1955
712 711 0
711 712 0
671 713 0
675 716 0
680 719 0
681 721 -0.1956
747 721 0.1955
723 722 0.1956
683 723 0
722 723 -0.1956
748 723 0
690 724 0.1956
731 724 0
749 724 -0.1955
690 725 0
729 725 0
686 727 0
688 729 0.1956
725 729 0
730 729 -0.1956
729 730 0.1956
731 730 0
724 731 0
730 731 0
732 731 0
750 731 -0.1955
691 732 0.1956
731 732 0
751 733 0
695 734 0
753 736 0
704 739 -0.1956
706 740 -0.1956
721 747 -0.1955
723 748 0
724 749 0.1955
750 749 0
731 750 0.1955
749 750 0
733 751 0
736 753 0
754 753 0
753 754 0
756 755 0
755 756 0
